0 NONE 0;0 0;0
600 KEY_L;KEY_R 0;0 0;0
601 KEY_L;KEY_R 0;0 0;0
602 KEY_L;KEY_R 0;0 0;0
603 KEY_L;KEY_R 0;0 0;0
750 KEY_DRIGHT 0;0 0;0
751 KEY_DRIGHT 0;0 0;0
752 KEY_DRIGHT 0;0 0;0
753 KEY_DRIGHT 0;0 0;0
790 KEY_A 0;0 0;0
791 KEY_A 0;0 0;0
792 KEY_A 0;0 0;0
793 KEY_A 0;0 0;0
920 KEY_A 0;0 0;0
921 KEY_A 0;0 0;0
922 KEY_A 0;0 0;0
923 KEY_A 0;0 0;0
1050 KEY_A 0;0 0;0
1051 KEY_A 0;0 0;0
1052 KEY_A 0;0 0;0
1053 KEY_A 0;0 0;0
1180 KEY_A 0;0 0;0
1181 KEY_A 0;0 0;0
1182 KEY_A 0;0 0;0
1183 KEY_A 0;0 0;0
1310 KEY_A 0;0 0;0
1311 KEY_A 0;0 0;0
1312 KEY_A 0;0 0;0
1313 KEY_A 0;0 0;0
1440 KEY_A 0;0 0;0
1441 KEY_A 0;0 0;0
1442 KEY_A 0;0 0;0
1443 KEY_A 0;0 0;0
1570 KEY_A 0;0 0;0
1571 KEY_A 0;0 0;0
1572 KEY_A 0;0 0;0
1573 KEY_A 0;0 0;0
1700 KEY_A 0;0 0;0
1701 KEY_A 0;0 0;0
1702 KEY_A 0;0 0;0
1703 KEY_A 0;0 0;0
1830 KEY_A 0;0 0;0
1831 KEY_A 0;0 0;0
1832 KEY_A 0;0 0;0
1833 KEY_A 0;0 0;0
1960 KEY_A 0;0 0;0
1961 KEY_A 0;0 0;0
1962 KEY_A 0;0 0;0
1963 KEY_A 0;0 0;0
4000 KEY_A 0;0 0;0
4001 KEY_A 0;0 0;0
4002 KEY_A 0;0 0;0
4003 KEY_A 0;0 0;0
4004 KEY_A 0;0 0;0
4005 KEY_A 0;0 0;0
4006 KEY_A 0;0 0;0
4007 KEY_A 0;0 0;0
4008 KEY_A 0;0 0;0
4009 KEY_A 0;0 0;0
4010 KEY_A 0;0 0;0
4011 KEY_A 0;0 0;0
4012 KEY_A 0;0 0;0
4013 KEY_A 0;0 0;0
4014 KEY_A 0;0 0;0
4015 KEY_A 0;0 0;0
4016 KEY_A 0;0 0;0
4017 KEY_A 0;0 0;0
4018 KEY_A 0;0 0;0
4019 KEY_A 0;0 0;0
4020 KEY_A 0;0 0;0
4021 KEY_A 0;0 0;0
4022 KEY_A 0;0 0;0
4023 KEY_A 0;0 0;0
4024 KEY_A 0;0 0;0
4025 KEY_A 0;0 0;0
4026 KEY_A 0;0 0;0
4027 KEY_A 0;0 0;0
4028 KEY_A 0;0 0;0
4029 KEY_A 0;0 0;0
4030 KEY_A 0;0 0;0
4031 KEY_A 0;0 0;0
4032 KEY_A 0;0 0;0
4033 KEY_A 0;0 0;0
4034 KEY_A 0;0 0;0
4035 KEY_A 0;0 0;0
4036 KEY_A 0;0 0;0
4037 KEY_A 0;0 0;0
4038 KEY_A 0;0 0;0
4039 KEY_A 0;0 0;0
4040 KEY_A 0;0 0;0
4041 KEY_A 0;0 0;0
4042 KEY_A 0;0 0;0
4043 KEY_A 0;0 0;0
4044 KEY_A 0;0 0;0
4045 KEY_A 0;0 0;0
4046 KEY_A 0;0 0;0
4047 KEY_A 0;0 0;0
4048 KEY_A 0;0 0;0
4049 KEY_A 0;0 0;0
4050 KEY_A 0;0 0;0
4051 KEY_A 0;0 0;0
4052 KEY_A 0;0 0;0
4053 KEY_A 0;0 0;0
4054 KEY_A 0;0 0;0
4055 KEY_A 0;0 0;0
4056 KEY_A 0;0 0;0
4057 KEY_A 0;0 0;0
4058 KEY_A 0;0 0;0
4059 KEY_A 0;0 0;0
4060 KEY_A 0;0 0;0
4061 KEY_A 0;0 0;0
4062 KEY_A 0;0 0;0
4063 KEY_A 0;0 0;0
4064 KEY_A 0;0 0;0
4065 KEY_A 0;0 0;0
4066 KEY_A 0;0 0;0
4067 KEY_A 0;0 0;0
4068 KEY_A 0;0 0;0
4069 KEY_A 0;0 0;0
4070 KEY_A 0;0 0;0
4071 KEY_A 0;0 0;0
4072 KEY_A 0;0 0;0
4073 KEY_A 0;0 0;0
4074 KEY_A 0;0 0;0
4075 KEY_A 0;0 0;0
4076 KEY_A 0;0 0;0
4077 KEY_A 0;0 0;0
4078 KEY_A 0;0 0;0
4079 KEY_A 0;0 0;0
4080 KEY_A 0;0 0;0
4081 KEY_A 0;0 0;0
4082 KEY_A 0;0 0;0
4083 KEY_A 0;0 0;0
4084 KEY_A 0;0 0;0
4085 KEY_A 0;0 0;0
4086 KEY_A 0;0 0;0
4087 KEY_A 0;0 0;0
4088 KEY_A 0;0 0;0
4089 KEY_A 0;0 0;0
4090 KEY_A 0;0 0;0
4091 KEY_A 0;0 0;0
4092 KEY_A 0;0 0;0
4093 KEY_A 0;0 0;0
4094 KEY_A 0;0 0;0
4095 KEY_A 0;0 0;0
4096 KEY_A 0;0 0;0
4097 KEY_A 0;0 0;0
4098 KEY_A 0;0 0;0
4099 KEY_A 0;0 0;0
4100 KEY_A 0;0 0;0
4101 KEY_A 0;0 0;0
4102 KEY_A 0;0 0;0
4103 KEY_A 0;0 0;0
4104 KEY_A 0;0 0;0
4105 KEY_A 0;0 0;0
4106 KEY_A 0;0 0;0
4107 KEY_A 0;0 0;0
4108 KEY_A 0;0 0;0
4109 KEY_A 0;0 0;0
4110 KEY_A 0;0 0;0
4111 KEY_A 0;0 0;0
4112 KEY_A 0;0 0;0
4113 KEY_A 0;0 0;0
4114 KEY_A 0;0 0;0
4115 KEY_A 0;0 0;0
4116 KEY_A 0;0 0;0
4117 KEY_A 0;0 0;0
4118 KEY_A 0;0 0;0
4119 KEY_A 0;0 0;0
4120 KEY_A 0;0 0;0
4121 KEY_A 0;0 0;0
4122 KEY_A 0;0 0;0
4123 KEY_A 0;0 0;0
4124 KEY_A 0;0 0;0
4125 KEY_A 0;0 0;0
4126 KEY_A 0;0 0;0
4127 KEY_A 0;0 0;0
4128 KEY_A 0;0 0;0
4129 KEY_A 0;0 0;0
4130 KEY_A 0;0 0;0
4131 KEY_A 0;0 0;0
4132 KEY_A 0;0 0;0
4133 KEY_A 0;0 0;0
4134 KEY_A 0;0 0;0
4135 KEY_A 0;0 0;0
4136 KEY_A 0;0 0;0
4137 KEY_A 0;0 0;0
4138 KEY_A 0;0 0;0
4139 KEY_A 0;0 0;0
4140 KEY_A 0;0 0;0
4141 KEY_A 0;0 0;0
4142 KEY_A 0;0 0;0
4143 KEY_A 0;0 0;0
4144 KEY_A 0;0 0;0
4145 KEY_A 0;0 0;0
4146 KEY_A 0;0 0;0
4147 KEY_A 0;0 0;0
4148 KEY_A 0;0 0;0
4149 KEY_A 0;0 0;0
4150 KEY_A 0;0 0;0
4151 KEY_A 0;0 0;0
4152 KEY_A 0;0 0;0
4153 KEY_A 0;0 0;0
4154 KEY_A 0;0 0;0
4155 KEY_A 0;0 0;0
4156 KEY_A 0;0 0;0
4157 KEY_A 0;0 0;0
4158 KEY_A 0;0 0;0
4159 KEY_A 0;0 0;0
4160 KEY_A 0;0 0;0
4161 KEY_A 0;0 0;0
4162 KEY_A 0;0 0;0
4163 KEY_A 0;0 0;0
4164 KEY_A 0;0 0;0
4165 KEY_A 0;0 0;0
4166 KEY_A 0;0 0;0
4167 KEY_A 0;0 0;0
4168 KEY_A 0;0 0;0
4169 KEY_A 0;0 0;0
4170 KEY_A 0;0 0;0
4171 KEY_A 0;0 0;0
4172 KEY_A 0;0 0;0
4173 KEY_A 0;0 0;0
4174 KEY_A 0;0 0;0
4175 KEY_A 0;0 0;0
4176 KEY_A 0;0 0;0
4177 KEY_A 0;0 0;0
4178 KEY_A 0;0 0;0
4179 KEY_A 0;0 0;0
4180 KEY_A 0;0 0;0
4181 KEY_A 0;0 0;0
4182 KEY_A 0;0 0;0
4183 KEY_A 0;0 0;0
4184 KEY_A 0;0 0;0
4185 KEY_A 0;0 0;0
4186 KEY_A 0;0 0;0
4187 KEY_A 0;0 0;0
4188 KEY_A 0;0 0;0
4189 KEY_A 0;0 0;0
4190 KEY_A 0;0 0;0
4191 KEY_A 0;0 0;0
4192 KEY_A 0;0 0;0
4193 KEY_A 0;0 0;0
4194 KEY_A 0;0 0;0
4195 KEY_A 0;0 0;0
4196 KEY_A 0;0 0;0
4197 KEY_A 0;0 0;0
4198 KEY_A 0;0 0;0
4199 KEY_A 0;0 0;0
4200 KEY_A 0;0 0;0
4201 KEY_A 0;0 0;0
4202 KEY_A 0;0 0;0
4203 KEY_A 0;0 0;0
4204 KEY_A 0;0 0;0
4205 KEY_A 0;0 0;0
4206 KEY_A 0;0 0;0
4207 KEY_A 0;0 0;0
4208 KEY_A 0;0 0;0
4209 KEY_A 0;0 0;0
4210 KEY_A 0;0 0;0
4211 KEY_A 0;0 0;0
4212 KEY_A 0;0 0;0
4213 KEY_A 0;0 0;0
4214 KEY_A 0;0 0;0
4215 KEY_A 0;0 0;0
4216 KEY_A 0;0 0;0
4217 KEY_A 0;0 0;0
4218 KEY_A 0;0 0;0
4219 KEY_A 0;0 0;0
4220 KEY_A 0;0 0;0
4221 KEY_A 0;0 0;0
4222 KEY_A 0;0 0;0
4223 KEY_A 0;0 0;0
4224 KEY_A 0;0 0;0
4225 KEY_A 0;0 0;0
4226 KEY_A 0;0 0;0
4227 KEY_A 0;0 0;0
4228 KEY_A 0;0 0;0
4229 KEY_A 0;0 0;0
4230 KEY_A 0;0 0;0
4231 KEY_A 0;0 0;0
4232 KEY_A 0;0 0;0
4233 KEY_A 0;0 0;0
4234 KEY_A 0;0 0;0
4235 KEY_A 0;0 0;0
4236 KEY_A 0;0 0;0
4237 KEY_A 0;0 0;0
4238 KEY_A 0;0 0;0
4239 KEY_A 0;0 0;0
4240 KEY_A 0;0 0;0
4241 KEY_A 0;0 0;0
4242 KEY_A 0;0 0;0
4243 KEY_A 0;0 0;0
4244 KEY_A 0;0 0;0
4245 KEY_A 0;0 0;0
4246 KEY_A 0;0 0;0
4247 KEY_A 0;0 0;0
4248 KEY_A 0;0 0;0
4249 KEY_A 0;0 0;0
4250 KEY_A 0;0 0;0
4251 KEY_A 0;0 0;0
4252 KEY_A 0;0 0;0
4253 KEY_A 0;0 0;0
4254 KEY_A 0;0 0;0
4255 KEY_A 0;0 0;0
4256 KEY_A 0;0 0;0
4257 KEY_A 0;0 0;0
4258 KEY_A 0;0 0;0
4259 KEY_A 0;0 0;0
4260 KEY_A 0;0 0;0
4261 KEY_A 0;0 0;0
4262 KEY_A 0;0 0;0
4263 KEY_A 0;0 0;0
4264 KEY_A 0;0 0;0
4265 KEY_A 0;0 0;0
4266 KEY_A 0;0 0;0
4267 KEY_A 0;0 0;0
4268 KEY_A 0;0 0;0
4269 KEY_A 0;0 0;0
4270 KEY_A 0;0 0;0
4271 KEY_A 0;0 0;0
4272 KEY_A 0;0 0;0
4273 KEY_A 0;0 0;0
4274 KEY_A 0;0 0;0
4275 KEY_A 0;0 0;0
4276 KEY_A 0;0 0;0
4277 KEY_A 0;0 0;0
4278 KEY_A 0;0 0;0
4279 KEY_A 0;0 0;0
4280 KEY_A 0;0 0;0
4281 KEY_A 0;0 0;0
4282 KEY_A 0;0 0;0
4283 KEY_A 0;0 0;0
4284 KEY_A 0;0 0;0
4285 KEY_A 0;0 0;0
4286 KEY_A 0;0 0;0
4287 KEY_A 0;0 0;0
4288 KEY_A 0;0 0;0
4289 KEY_A 0;0 0;0
4290 KEY_A 0;0 0;0
4291 KEY_A 0;0 0;0
4292 KEY_A 0;0 0;0
4293 KEY_A 0;0 0;0
4294 KEY_A 0;0 0;0
4295 KEY_A 0;0 0;0
4296 KEY_A 0;0 0;0
4297 KEY_A 0;0 0;0
4298 KEY_A 0;0 0;0
4299 KEY_A 0;0 0;0
4300 KEY_A 0;0 0;0
4301 KEY_A 0;0 0;0
4302 KEY_A 0;0 0;0
4303 KEY_A 0;0 0;0
4304 KEY_A 0;0 0;0
4305 KEY_A 0;0 0;0
4306 KEY_A 0;0 0;0
4307 KEY_A 0;0 0;0
4308 KEY_A 0;0 0;0
4309 KEY_A 0;0 0;0
4310 KEY_A 0;0 0;0
4311 KEY_A 0;0 0;0
4312 KEY_A 0;0 0;0
4313 KEY_A 0;0 0;0
4314 KEY_A 0;0 0;0
4315 KEY_A 0;0 0;0
4316 KEY_A 0;0 0;0
4317 KEY_A 0;0 0;0
4318 KEY_A 0;0 0;0
4319 KEY_A 0;0 0;0
4320 KEY_A 0;0 0;0
4321 KEY_A 0;0 0;0
4322 KEY_A 0;0 0;0
4323 KEY_A 0;0 0;0
4324 KEY_A 0;0 0;0
4325 KEY_A 0;0 0;0
4326 KEY_A 0;0 0;0
4327 KEY_A 0;0 0;0
4328 KEY_A 0;0 0;0
4329 KEY_A 0;0 0;0
4330 KEY_A 0;0 0;0
4331 KEY_A 0;0 0;0
4332 KEY_A 0;0 0;0
4333 KEY_A 0;0 0;0
4334 KEY_A 0;0 0;0
4335 KEY_A 0;0 0;0
4336 KEY_A 0;0 0;0
4337 KEY_A 0;0 0;0
4338 KEY_A 0;0 0;0
4339 KEY_A 0;0 0;0
4340 KEY_A 0;0 0;0
4341 KEY_A 0;0 0;0
4342 KEY_A 0;0 0;0
4343 KEY_A 0;0 0;0
4344 KEY_A 0;0 0;0
4345 KEY_A 0;0 0;0
4346 KEY_A 0;0 0;0
4347 KEY_A 0;0 0;0
4348 KEY_A 0;0 0;0
4349 KEY_A 0;0 0;0
4350 KEY_A 0;0 0;0
4351 KEY_A 0;0 0;0
4352 KEY_A 0;0 0;0
4353 KEY_A 0;0 0;0
4354 KEY_A 0;0 0;0
4355 KEY_A 0;0 0;0
4356 KEY_A 0;0 0;0
4357 KEY_A 0;0 0;0
4358 KEY_A 0;0 0;0
4359 KEY_A 0;0 0;0
4360 KEY_A 0;0 0;0
4361 KEY_A 0;0 0;0
4362 KEY_A 0;0 0;0
4363 KEY_A 0;0 0;0
4364 KEY_A 0;0 0;0
4365 KEY_A 0;0 0;0
4366 KEY_A 0;0 0;0
4367 KEY_A 0;0 0;0
4368 KEY_A 0;0 0;0
4369 KEY_A 0;0 0;0
4370 KEY_A 0;0 0;0
4371 KEY_A 0;0 0;0
4372 KEY_A 0;0 0;0
4373 KEY_A 0;0 0;0
4374 KEY_A 0;0 0;0
4375 KEY_A 0;0 0;0
4376 KEY_A 0;0 0;0
4377 KEY_A 0;0 0;0
4378 KEY_A 0;0 0;0
4379 KEY_A 0;0 0;0
4380 KEY_A 0;0 0;0
4381 KEY_A 0;0 0;0
4382 KEY_A 0;0 0;0
4383 KEY_A 0;0 0;0
4384 KEY_A 0;0 0;0
4385 KEY_A 0;0 0;0
4386 KEY_A 0;0 0;0
4387 KEY_A 0;0 0;0
4388 KEY_A 0;0 0;0
4389 KEY_A 0;0 0;0
4390 KEY_A 0;0 0;0
4391 KEY_A 0;0 0;0
4392 KEY_A 0;0 0;0
4393 KEY_A 0;0 0;0
4394 KEY_A 0;0 0;0
4395 KEY_A 0;0 0;0
4396 KEY_A 0;0 0;0
4397 KEY_A 0;0 0;0
4398 KEY_A 0;0 0;0
4399 KEY_A 0;0 0;0
4400 KEY_A -16384;0 0;0
4401 KEY_A -16384;0 0;0
4402 KEY_A -16384;0 0;0
4403 KEY_A -16384;0 0;0
4404 KEY_A -16384;0 0;0
4405 KEY_A -16384;0 0;0
4406 KEY_A -16384;0 0;0
4407 KEY_A -16384;0 0;0
4408 KEY_A -16384;0 0;0
4409 KEY_A -16384;0 0;0
4410 KEY_A -16384;0 0;0
4411 KEY_A -16384;0 0;0
4412 KEY_A -16384;0 0;0
4413 KEY_A -16384;0 0;0
4414 KEY_A -16384;0 0;0
4415 KEY_A -16384;0 0;0
4416 KEY_A -16384;0 0;0
4417 KEY_A -16384;0 0;0
4418 KEY_A -16384;0 0;0
4419 KEY_A -16384;0 0;0
4420 KEY_A -16384;0 0;0
4421 KEY_A -16384;0 0;0
4422 KEY_A -16384;0 0;0
4423 KEY_A -16384;0 0;0
4424 KEY_A -16384;0 0;0
4425 KEY_A -16384;0 0;0
4426 KEY_A -16384;0 0;0
4427 KEY_A -16384;0 0;0
4428 KEY_A -16384;0 0;0
4429 KEY_A -16384;0 0;0
4430 KEY_A -16384;0 0;0
4431 KEY_A -16384;0 0;0
4432 KEY_A -16384;0 0;0
4433 KEY_A -16384;0 0;0
4434 KEY_A -16384;0 0;0
4435 KEY_A -16384;0 0;0
4436 KEY_A -16384;0 0;0
4437 KEY_A -16384;0 0;0
4438 KEY_A -16384;0 0;0
4439 KEY_A -16384;0 0;0
4440 KEY_A -16384;0 0;0
4441 KEY_A -16384;0 0;0
4442 KEY_A -16384;0 0;0
4443 KEY_A -16384;0 0;0
4444 KEY_A -16384;0 0;0
4445 KEY_A -16384;0 0;0
4446 KEY_A -16384;0 0;0
4447 KEY_A -16384;0 0;0
4448 KEY_A -16384;0 0;0
4449 KEY_A -16384;0 0;0
4450 KEY_A -16384;0 0;0
4451 KEY_A -16384;0 0;0
4452 KEY_A -16384;0 0;0
4453 KEY_A -16384;0 0;0
4454 KEY_A -16384;0 0;0
4455 KEY_A -16384;0 0;0
4456 KEY_A -16384;0 0;0
4457 KEY_A -16384;0 0;0
4458 KEY_A -16384;0 0;0
4459 KEY_A -16384;0 0;0
4460 KEY_A -16384;0 0;0
4461 KEY_A -16384;0 0;0
4462 KEY_A -16384;0 0;0
4463 KEY_A -16384;0 0;0
4464 KEY_A -16384;0 0;0
4465 KEY_A -16384;0 0;0
4466 KEY_A -16384;0 0;0
4467 KEY_A -16384;0 0;0
4468 KEY_A -16384;0 0;0
4469 KEY_A -16384;0 0;0
4470 KEY_A -16384;0 0;0
4471 KEY_A -16384;0 0;0
4472 KEY_A -16384;0 0;0
4473 KEY_A -16384;0 0;0
4474 KEY_A -16384;0 0;0
4475 KEY_A -16384;0 0;0
4476 KEY_A -16384;0 0;0
4477 KEY_A -16384;0 0;0
4478 KEY_A -16384;0 0;0
4479 KEY_A -16384;0 0;0
4480 KEY_A -16384;0 0;0
4481 KEY_A -16384;0 0;0
4482 KEY_A -16384;0 0;0
4483 KEY_A -16384;0 0;0
4484 KEY_A -16384;0 0;0
4485 KEY_A -16384;0 0;0
4486 KEY_A -16384;0 0;0
4487 KEY_A -16384;0 0;0
4488 KEY_A -16384;0 0;0
4489 KEY_A -16384;0 0;0
4490 KEY_A -16384;0 0;0
4491 KEY_A -16384;0 0;0
4492 KEY_A -16384;0 0;0
4493 KEY_A -16384;0 0;0
4494 KEY_A -16384;0 0;0
4495 KEY_A -16384;0 0;0
4496 KEY_A -16384;0 0;0
4497 KEY_A -16384;0 0;0
4498 KEY_A -16384;0 0;0
4499 KEY_A -16384;0 0;0
4500 KEY_A -16384;0 0;0
4501 KEY_A -16384;0 0;0
4502 KEY_A -16384;0 0;0
4503 KEY_A -16384;0 0;0
4504 KEY_A -16384;0 0;0
4505 KEY_A -16384;0 0;0
4506 KEY_A -16384;0 0;0
4507 KEY_A -16384;0 0;0
4508 KEY_A -16384;0 0;0
4509 KEY_A -16384;0 0;0
4510 KEY_A -16384;0 0;0
4511 KEY_A -16384;0 0;0
4512 KEY_A -16384;0 0;0
4513 KEY_A -16384;0 0;0
4514 KEY_A -16384;0 0;0
4515 KEY_A -16384;0 0;0
4516 KEY_A -16384;0 0;0
4517 KEY_A -16384;0 0;0
4518 KEY_A -16384;0 0;0
4519 KEY_A -16384;0 0;0
4520 KEY_A -16384;0 0;0
4521 KEY_A -16384;0 0;0
4522 KEY_A -16384;0 0;0
4523 KEY_A -16384;0 0;0
4524 KEY_A -16384;0 0;0
4525 KEY_A -16384;0 0;0
4526 KEY_A -16384;0 0;0
4527 KEY_A -16384;0 0;0
4528 KEY_A -16384;0 0;0
4529 KEY_A -16384;0 0;0
4530 KEY_A -16384;0 0;0
4531 KEY_A -16384;0 0;0
4532 KEY_A -16384;0 0;0
4533 KEY_A -16384;0 0;0
4534 KEY_A -16384;0 0;0
4535 KEY_A -16384;0 0;0
4536 KEY_A -16384;0 0;0
4537 KEY_A -16384;0 0;0
4538 KEY_A -16384;0 0;0
4539 KEY_A -16384;0 0;0
4540 KEY_A -16384;0 0;0
4541 KEY_A -16384;0 0;0
4542 KEY_A -16384;0 0;0
4543 KEY_A -16384;0 0;0
4544 KEY_A -16384;0 0;0
4545 KEY_A -16384;0 0;0
4546 KEY_A -16384;0 0;0
4547 KEY_A -16384;0 0;0
4548 KEY_A -16384;0 0;0
4549 KEY_A -16384;0 0;0
4550 KEY_A -16384;0 0;0
4551 KEY_A -16384;0 0;0
4552 KEY_A -16384;0 0;0
4553 KEY_A -16384;0 0;0
4554 KEY_A -16384;0 0;0
4555 KEY_A -16384;0 0;0
4556 KEY_A -16384;0 0;0
4557 KEY_A -16384;0 0;0
4558 KEY_A -16384;0 0;0
4559 KEY_A -16384;0 0;0
4560 KEY_A -16384;0 0;0
4561 KEY_A -16384;0 0;0
4562 KEY_A -16384;0 0;0
4563 KEY_A -16384;0 0;0
4564 KEY_A -16384;0 0;0
4565 KEY_A -16384;0 0;0
4566 KEY_A -16384;0 0;0
4567 KEY_A -16384;0 0;0
4568 KEY_A -16384;0 0;0
4569 KEY_A -16384;0 0;0
4570 KEY_A -16384;0 0;0
4571 KEY_A -16384;0 0;0
4572 KEY_A -16384;0 0;0
4573 KEY_A -16384;0 0;0
4574 KEY_A -16384;0 0;0
4575 KEY_A -16384;0 0;0
4576 KEY_A -16384;0 0;0
4577 KEY_A -16384;0 0;0
4578 KEY_A -16384;0 0;0
4579 KEY_A -16384;0 0;0
4580 KEY_A -16384;0 0;0
4581 KEY_A -16384;0 0;0
4582 KEY_A -16384;0 0;0
4583 KEY_A -16384;0 0;0
4584 KEY_A -16384;0 0;0
4585 KEY_A -16384;0 0;0
4586 KEY_A -16384;0 0;0
4587 KEY_A -16384;0 0;0
4588 KEY_A -16384;0 0;0
4589 KEY_A -16384;0 0;0
4590 KEY_A -16384;0 0;0
4591 KEY_A -16384;0 0;0
4592 KEY_A -16384;0 0;0
4593 KEY_A -16384;0 0;0
4594 KEY_A -16384;0 0;0
4595 KEY_A -16384;0 0;0
4596 KEY_A -16384;0 0;0
4597 KEY_A -16384;0 0;0
4598 KEY_A -16384;0 0;0
4599 KEY_A -16384;0 0;0
4600 KEY_A 0;0 0;0
4601 KEY_A 0;0 0;0
4602 KEY_A 0;0 0;0
4603 KEY_A 0;0 0;0
4604 KEY_A 0;0 0;0
4605 KEY_A 0;0 0;0
4606 KEY_A 0;0 0;0
4607 KEY_A 0;0 0;0
4608 KEY_A 0;0 0;0
4609 KEY_A 0;0 0;0
4610 KEY_A 0;0 0;0
4611 KEY_A 0;0 0;0
4612 KEY_A 0;0 0;0
4613 KEY_A 0;0 0;0
4614 KEY_A 0;0 0;0
4615 KEY_A 0;0 0;0
4616 KEY_A 0;0 0;0
4617 KEY_A 0;0 0;0
4618 KEY_A 0;0 0;0
4619 KEY_A 0;0 0;0
4620 KEY_A 0;0 0;0
4621 KEY_A 0;0 0;0
4622 KEY_A 0;0 0;0
4623 KEY_A 0;0 0;0
4624 KEY_A 0;0 0;0
4625 KEY_A 0;0 0;0
4626 KEY_A 0;0 0;0
4627 KEY_A 0;0 0;0
4628 KEY_A 0;0 0;0
4629 KEY_A 0;0 0;0
4630 KEY_A 0;0 0;0
4631 KEY_A 0;0 0;0
4632 KEY_A 0;0 0;0
4633 KEY_A 0;0 0;0
4634 KEY_A 0;0 0;0
4635 KEY_A 0;0 0;0
4636 KEY_A 0;0 0;0
4637 KEY_A 0;0 0;0
4638 KEY_A 0;0 0;0
4639 KEY_A 0;0 0;0
4640 KEY_A 0;0 0;0
4641 KEY_A 0;0 0;0
4642 KEY_A 0;0 0;0
4643 KEY_A 0;0 0;0
4644 KEY_A 0;0 0;0
4645 KEY_A 0;0 0;0
4646 KEY_A 0;0 0;0
4647 KEY_A 0;0 0;0
4648 KEY_A 0;0 0;0
4649 KEY_A 0;0 0;0
4650 KEY_A 0;0 0;0
4651 KEY_A 0;0 0;0
4652 KEY_A 0;0 0;0
4653 KEY_A 0;0 0;0
4654 KEY_A 0;0 0;0
4655 KEY_A 0;0 0;0
4656 KEY_A 0;0 0;0
4657 KEY_A 0;0 0;0
4658 KEY_A 0;0 0;0
4659 KEY_A 0;0 0;0
4660 KEY_A 0;0 0;0
4661 KEY_A 0;0 0;0
4662 KEY_A 0;0 0;0
4663 KEY_A 0;0 0;0
4664 KEY_A 0;0 0;0
4665 KEY_A 0;0 0;0
4666 KEY_A 0;0 0;0
4667 KEY_A 0;0 0;0
4668 KEY_A 0;0 0;0
4669 KEY_A 0;0 0;0
4670 KEY_A 0;0 0;0
4671 KEY_A 0;0 0;0
4672 KEY_A 0;0 0;0
4673 KEY_A 0;0 0;0
4674 KEY_A 0;0 0;0
4675 KEY_A 0;0 0;0
4676 KEY_A 0;0 0;0
4677 KEY_A 0;0 0;0
4678 KEY_A 0;0 0;0
4679 KEY_A 0;0 0;0
4680 KEY_A 0;0 0;0
4681 KEY_A 0;0 0;0
4682 KEY_A 0;0 0;0
4683 KEY_A 0;0 0;0
4684 KEY_A 0;0 0;0
4685 KEY_A 0;0 0;0
4686 KEY_A 0;0 0;0
4687 KEY_A 0;0 0;0
4688 KEY_A 0;0 0;0
4689 KEY_A 0;0 0;0
4690 KEY_A 0;0 0;0
4691 KEY_A 0;0 0;0
4692 KEY_A 0;0 0;0
4693 KEY_A 0;0 0;0
4694 KEY_A 0;0 0;0
4695 KEY_A 0;0 0;0
4696 KEY_A 0;0 0;0
4697 KEY_A 0;0 0;0
4698 KEY_A 0;0 0;0
4699 KEY_A 0;0 0;0
4700 KEY_A 0;0 0;0
4701 KEY_A 0;0 0;0
4702 KEY_A 0;0 0;0
4703 KEY_A 0;0 0;0
4704 KEY_A 0;0 0;0
4705 KEY_A 0;0 0;0
4706 KEY_A 0;0 0;0
4707 KEY_A 0;0 0;0
4708 KEY_A 0;0 0;0
4709 KEY_A 0;0 0;0
4710 KEY_A 0;0 0;0
4711 KEY_A 0;0 0;0
4712 KEY_A 0;0 0;0
4713 KEY_A 0;0 0;0
4714 KEY_A 0;0 0;0
4715 KEY_A 0;0 0;0
4716 KEY_A 0;0 0;0
4717 KEY_A 0;0 0;0
4718 KEY_A 0;0 0;0
4719 KEY_A 0;0 0;0
4720 KEY_A 0;0 0;0
4721 KEY_A 0;0 0;0
4722 KEY_A 0;0 0;0
4723 KEY_A 0;0 0;0
4724 KEY_A 0;0 0;0
4725 KEY_A 0;0 0;0
4726 KEY_A 0;0 0;0
4727 KEY_A 0;0 0;0
4728 KEY_A 0;0 0;0
4729 KEY_A 0;0 0;0
4730 KEY_A 0;0 0;0
4731 KEY_A 0;0 0;0
4732 KEY_A 0;0 0;0
4733 KEY_A 0;0 0;0
4734 KEY_A 0;0 0;0
4735 KEY_A 0;0 0;0
4736 KEY_A 0;0 0;0
4737 KEY_A 0;0 0;0
4738 KEY_A 0;0 0;0
4739 KEY_A 0;0 0;0
4740 KEY_A 0;0 0;0
4741 KEY_A 0;0 0;0
4742 KEY_A 0;0 0;0
4743 KEY_A 0;0 0;0
4744 KEY_A 0;0 0;0
4745 KEY_A 0;0 0;0
4746 KEY_A 0;0 0;0
4747 KEY_A 0;0 0;0
4748 KEY_A 0;0 0;0
4749 KEY_A 0;0 0;0
4750 KEY_A 0;0 0;0
4751 KEY_A 0;0 0;0
4752 KEY_A 0;0 0;0
4753 KEY_A 0;0 0;0
4754 KEY_A 0;0 0;0
4755 KEY_A 0;0 0;0
4756 KEY_A 0;0 0;0
4757 KEY_A 0;0 0;0
4758 KEY_A 0;0 0;0
4759 KEY_A 0;0 0;0
4760 KEY_A 0;0 0;0
4761 KEY_A 0;0 0;0
4762 KEY_A 0;0 0;0
4763 KEY_A 0;0 0;0
4764 KEY_A 0;0 0;0
4765 KEY_A 0;0 0;0
4766 KEY_A 0;0 0;0
4767 KEY_A 0;0 0;0
4768 KEY_A 0;0 0;0
4769 KEY_A 0;0 0;0
4770 KEY_A 0;0 0;0
4771 KEY_A 0;0 0;0
4772 KEY_A 0;0 0;0
4773 KEY_A 0;0 0;0
4774 KEY_A 0;0 0;0
4775 KEY_A 0;0 0;0
4776 KEY_A 0;0 0;0
4777 KEY_A 0;0 0;0
4778 KEY_A 0;0 0;0
4779 KEY_A 0;0 0;0
4780 KEY_A 0;0 0;0
4781 KEY_A 0;0 0;0
4782 KEY_A 0;0 0;0
4783 KEY_A 0;0 0;0
4784 KEY_A 0;0 0;0
4785 KEY_A 0;0 0;0
4786 KEY_A 0;0 0;0
4787 KEY_A 0;0 0;0
4788 KEY_A 0;0 0;0
4789 KEY_A 0;0 0;0
4790 KEY_A 0;0 0;0
4791 KEY_A 0;0 0;0
4792 KEY_A 0;0 0;0
4793 KEY_A 0;0 0;0
4794 KEY_A 0;0 0;0
4795 KEY_A 0;0 0;0
4796 KEY_A 0;0 0;0
4797 KEY_A 0;0 0;0
4798 KEY_A 0;0 0;0
4799 KEY_A 0;0 0;0
4800 KEY_A 0;0 0;0
4801 KEY_A 0;0 0;0
4802 KEY_A 0;0 0;0
4803 KEY_A 0;0 0;0
4804 KEY_A 0;0 0;0
4805 KEY_A 0;0 0;0
4806 KEY_A 0;0 0;0
4807 KEY_A 0;0 0;0
4808 KEY_A 0;0 0;0
4809 KEY_A 0;0 0;0
4810 KEY_A 0;0 0;0
4811 KEY_A 0;0 0;0
4812 KEY_A 0;0 0;0
4813 KEY_A 0;0 0;0
4814 KEY_A 0;0 0;0
4815 KEY_A 0;0 0;0
4816 KEY_A 0;0 0;0
4817 KEY_A 0;0 0;0
4818 KEY_A 0;0 0;0
4819 KEY_A 0;0 0;0
4820 KEY_A 0;0 0;0
4821 KEY_A 0;0 0;0
4822 KEY_A 0;0 0;0
4823 KEY_A 0;0 0;0
4824 KEY_A 0;0 0;0
4825 KEY_A 0;0 0;0
4826 KEY_A 0;0 0;0
4827 KEY_A 0;0 0;0
4828 KEY_A 0;0 0;0
4829 KEY_A 0;0 0;0
4830 KEY_A 0;0 0;0
4831 KEY_A 0;0 0;0
4832 KEY_A 0;0 0;0
4833 KEY_A 0;0 0;0
4834 KEY_A 0;0 0;0
4835 KEY_A 0;0 0;0
4836 KEY_A 0;0 0;0
4837 KEY_A 0;0 0;0
4838 KEY_A 0;0 0;0
4839 KEY_A 0;0 0;0
4840 KEY_A 0;0 0;0
4841 KEY_A 0;0 0;0
4842 KEY_A 0;0 0;0
4843 KEY_A 0;0 0;0
4844 KEY_A 0;0 0;0
4845 KEY_A 0;0 0;0
4846 KEY_A 0;0 0;0
4847 KEY_A 0;0 0;0
4848 KEY_A 0;0 0;0
4849 KEY_A 0;0 0;0
4850 KEY_A 0;0 0;0
4851 KEY_A 0;0 0;0
4852 KEY_A 0;0 0;0
4853 KEY_A 0;0 0;0
4854 KEY_A 0;0 0;0
4855 KEY_A 0;0 0;0
4856 KEY_A 0;0 0;0
4857 KEY_A 0;0 0;0
4858 KEY_A 0;0 0;0
4859 KEY_A 0;0 0;0
4860 KEY_A 0;0 0;0
4861 KEY_A 0;0 0;0
4862 KEY_A 0;0 0;0
4863 KEY_A 0;0 0;0
4864 KEY_A 0;0 0;0
4865 KEY_A 0;0 0;0
4866 KEY_A 0;0 0;0
4867 KEY_A 0;0 0;0
4868 KEY_A 0;0 0;0
4869 KEY_A 0;0 0;0
4870 KEY_A 0;0 0;0
4871 KEY_A 0;0 0;0
4872 KEY_A 0;0 0;0
4873 KEY_A 0;0 0;0
4874 KEY_A 0;0 0;0
4875 KEY_A 0;0 0;0
4876 KEY_A 0;0 0;0
4877 KEY_A 0;0 0;0
4878 KEY_A 0;0 0;0
4879 KEY_A 0;0 0;0
4880 KEY_A 0;0 0;0
4881 KEY_A 0;0 0;0
4882 KEY_A 0;0 0;0
4883 KEY_A 0;0 0;0
4884 KEY_A 0;0 0;0
4885 KEY_A 0;0 0;0
4886 KEY_A 0;0 0;0
4887 KEY_A 0;0 0;0
4888 KEY_A 0;0 0;0
4889 KEY_A 0;0 0;0
4890 KEY_A 0;0 0;0
4891 KEY_A 0;0 0;0
4892 KEY_A 0;0 0;0
4893 KEY_A 0;0 0;0
4894 KEY_A 0;0 0;0
4895 KEY_A 0;0 0;0
4896 KEY_A 0;0 0;0
4897 KEY_A 0;0 0;0
4898 KEY_A 0;0 0;0
4899 KEY_A 0;0 0;0
4900 KEY_A 0;0 0;0
4901 KEY_A 0;0 0;0
4902 KEY_A 0;0 0;0
4903 KEY_A 0;0 0;0
4904 KEY_A 0;0 0;0
4905 KEY_A 0;0 0;0
4906 KEY_A 0;0 0;0
4907 KEY_A 0;0 0;0
4908 KEY_A 0;0 0;0
4909 KEY_A 0;0 0;0
4910 KEY_A 0;0 0;0
4911 KEY_A 0;0 0;0
4912 KEY_A 0;0 0;0
4913 KEY_A 0;0 0;0
4914 KEY_A 0;0 0;0
4915 KEY_A 0;0 0;0
4916 KEY_A 0;0 0;0
4917 KEY_A 0;0 0;0
4918 KEY_A 0;0 0;0
4919 KEY_A 0;0 0;0
4920 KEY_A 0;0 0;0
4921 KEY_A 0;0 0;0
4922 KEY_A 0;0 0;0
4923 KEY_A 0;0 0;0
4924 KEY_A 0;0 0;0
4925 KEY_A 0;0 0;0
4926 KEY_A 0;0 0;0
4927 KEY_A 0;0 0;0
4928 KEY_A 0;0 0;0
4929 KEY_A 0;0 0;0
4930 KEY_A 0;0 0;0
4931 KEY_A 0;0 0;0
4932 KEY_A 0;0 0;0
4933 KEY_A 0;0 0;0
4934 KEY_A 0;0 0;0
4935 KEY_A 0;0 0;0
4936 KEY_A 0;0 0;0
4937 KEY_A 0;0 0;0
4938 KEY_A 0;0 0;0
4939 KEY_A 0;0 0;0
4940 KEY_A 0;0 0;0
4941 KEY_A 0;0 0;0
4942 KEY_A 0;0 0;0
4943 KEY_A 0;0 0;0
4944 KEY_A 0;0 0;0
4945 KEY_A 0;0 0;0
4946 KEY_A 0;0 0;0
4947 KEY_A 0;0 0;0
4948 KEY_A 0;0 0;0
4949 KEY_A 0;0 0;0
4950 KEY_A 0;0 0;0
4951 KEY_A 0;0 0;0
4952 KEY_A 0;0 0;0
4953 KEY_A 0;0 0;0
4954 KEY_A 0;0 0;0
4955 KEY_A 0;0 0;0
4956 KEY_A 0;0 0;0
4957 KEY_A 0;0 0;0
4958 KEY_A 0;0 0;0
4959 KEY_A 0;0 0;0
4960 KEY_A 0;0 0;0
4961 KEY_A 0;0 0;0
4962 KEY_A 0;0 0;0
4963 KEY_A 0;0 0;0
4964 KEY_A 0;0 0;0
4965 KEY_A 0;0 0;0
4966 KEY_A 0;0 0;0
4967 KEY_A 0;0 0;0
4968 KEY_A 0;0 0;0
4969 KEY_A 0;0 0;0
4970 KEY_A 0;0 0;0
4971 KEY_A 0;0 0;0
4972 KEY_A 0;0 0;0
4973 KEY_A 0;0 0;0
4974 KEY_A 0;0 0;0
4975 KEY_A 0;0 0;0
4976 KEY_A 0;0 0;0
4977 KEY_A 0;0 0;0
4978 KEY_A 0;0 0;0
4979 KEY_A 0;0 0;0
4980 KEY_A 0;0 0;0
4981 KEY_A 0;0 0;0
4982 KEY_A 0;0 0;0
4983 KEY_A 0;0 0;0
4984 KEY_A 0;0 0;0
4985 KEY_A 0;0 0;0
4986 KEY_A 0;0 0;0
4987 KEY_A 0;0 0;0
4988 KEY_A 0;0 0;0
4989 KEY_A 0;0 0;0
4990 KEY_A 0;0 0;0
4991 KEY_A 0;0 0;0
4992 KEY_A 0;0 0;0
4993 KEY_A 0;0 0;0
4994 KEY_A 0;0 0;0
4995 KEY_A 0;0 0;0
4996 KEY_A 0;0 0;0
4997 KEY_A 0;0 0;0
4998 KEY_A 0;0 0;0
4999 KEY_A 0;0 0;0
5000 KEY_A 16384;0 0;0
5001 KEY_A 16384;0 0;0
5002 KEY_A 16384;0 0;0
5003 KEY_A 16384;0 0;0
5004 KEY_A 16384;0 0;0
5005 KEY_A 16384;0 0;0
5006 KEY_A 16384;0 0;0
5007 KEY_A 16384;0 0;0
5008 KEY_A 16384;0 0;0
5009 KEY_A 16384;0 0;0
5010 KEY_A 16384;0 0;0
5011 KEY_A 16384;0 0;0
5012 KEY_A 16384;0 0;0
5013 KEY_A 16384;0 0;0
5014 KEY_A 16384;0 0;0
5015 KEY_A 16384;0 0;0
5016 KEY_A 16384;0 0;0
5017 KEY_A 16384;0 0;0
5018 KEY_A 16384;0 0;0
5019 KEY_A 16384;0 0;0
5020 KEY_A 16384;0 0;0
5021 KEY_A 16384;0 0;0
5022 KEY_A 16384;0 0;0
5023 KEY_A 16384;0 0;0
5024 KEY_A 16384;0 0;0
5025 KEY_A 16384;0 0;0
5026 KEY_A 16384;0 0;0
5027 KEY_A 16384;0 0;0
5028 KEY_A 16384;0 0;0
5029 KEY_A 16384;0 0;0
5030 KEY_A 16384;0 0;0
5031 KEY_A 16384;0 0;0
5032 KEY_A 16384;0 0;0
5033 KEY_A 16384;0 0;0
5034 KEY_A 16384;0 0;0
5035 KEY_A 16384;0 0;0
5036 KEY_A 16384;0 0;0
5037 KEY_A 16384;0 0;0
5038 KEY_A 16384;0 0;0
5039 KEY_A 16384;0 0;0
5040 KEY_A 16384;0 0;0
5041 KEY_A 16384;0 0;0
5042 KEY_A 16384;0 0;0
5043 KEY_A 16384;0 0;0
5044 KEY_A 16384;0 0;0
5045 KEY_A 16384;0 0;0
5046 KEY_A 16384;0 0;0
5047 KEY_A 16384;0 0;0
5048 KEY_A 16384;0 0;0
5049 KEY_A 16384;0 0;0
5050 KEY_A 16384;0 0;0
5051 KEY_A 16384;0 0;0
5052 KEY_A 16384;0 0;0
5053 KEY_A 16384;0 0;0
5054 KEY_A 16384;0 0;0
5055 KEY_A 16384;0 0;0
5056 KEY_A 16384;0 0;0
5057 KEY_A 16384;0 0;0
5058 KEY_A 16384;0 0;0
5059 KEY_A 16384;0 0;0
5060 KEY_A 16384;0 0;0
5061 KEY_A 16384;0 0;0
5062 KEY_A 16384;0 0;0
5063 KEY_A 16384;0 0;0
5064 KEY_A 16384;0 0;0
5065 KEY_A 16384;0 0;0
5066 KEY_A 16384;0 0;0
5067 KEY_A 16384;0 0;0
5068 KEY_A 16384;0 0;0
5069 KEY_A 16384;0 0;0
5070 KEY_A 16384;0 0;0
5071 KEY_A 16384;0 0;0
5072 KEY_A 16384;0 0;0
5073 KEY_A 16384;0 0;0
5074 KEY_A 16384;0 0;0
5075 KEY_A 16384;0 0;0
5076 KEY_A 16384;0 0;0
5077 KEY_A 16384;0 0;0
5078 KEY_A 16384;0 0;0
5079 KEY_A 16384;0 0;0
5080 KEY_A 16384;0 0;0
5081 KEY_A 16384;0 0;0
5082 KEY_A 16384;0 0;0
5083 KEY_A 16384;0 0;0
5084 KEY_A 16384;0 0;0
5085 KEY_A 16384;0 0;0
5086 KEY_A 16384;0 0;0
5087 KEY_A 16384;0 0;0
5088 KEY_A 16384;0 0;0
5089 KEY_A 16384;0 0;0
5090 KEY_A 16384;0 0;0
5091 KEY_A 16384;0 0;0
5092 KEY_A 16384;0 0;0
5093 KEY_A 16384;0 0;0
5094 KEY_A 16384;0 0;0
5095 KEY_A 16384;0 0;0
5096 KEY_A 16384;0 0;0
5097 KEY_A 16384;0 0;0
5098 KEY_A 16384;0 0;0
5099 KEY_A 16384;0 0;0
5100 KEY_A 16384;0 0;0
5101 KEY_A 16384;0 0;0
5102 KEY_A 16384;0 0;0
5103 KEY_A 16384;0 0;0
5104 KEY_A 16384;0 0;0
5105 KEY_A 16384;0 0;0
5106 KEY_A 16384;0 0;0
5107 KEY_A 16384;0 0;0
5108 KEY_A 16384;0 0;0
5109 KEY_A 16384;0 0;0
5110 KEY_A 16384;0 0;0
5111 KEY_A 16384;0 0;0
5112 KEY_A 16384;0 0;0
5113 KEY_A 16384;0 0;0
5114 KEY_A 16384;0 0;0
5115 KEY_A 16384;0 0;0
5116 KEY_A 16384;0 0;0
5117 KEY_A 16384;0 0;0
5118 KEY_A 16384;0 0;0
5119 KEY_A 16384;0 0;0
5120 KEY_A 16384;0 0;0
5121 KEY_A 16384;0 0;0
5122 KEY_A 16384;0 0;0
5123 KEY_A 16384;0 0;0
5124 KEY_A 16384;0 0;0
5125 KEY_A 16384;0 0;0
5126 KEY_A 16384;0 0;0
5127 KEY_A 16384;0 0;0
5128 KEY_A 16384;0 0;0
5129 KEY_A 16384;0 0;0
5130 KEY_A 16384;0 0;0
5131 KEY_A 16384;0 0;0
5132 KEY_A 16384;0 0;0
5133 KEY_A 16384;0 0;0
5134 KEY_A 16384;0 0;0
5135 KEY_A 16384;0 0;0
5136 KEY_A 16384;0 0;0
5137 KEY_A 16384;0 0;0
5138 KEY_A 16384;0 0;0
5139 KEY_A 16384;0 0;0
5140 KEY_A 16384;0 0;0
5141 KEY_A 16384;0 0;0
5142 KEY_A 16384;0 0;0
5143 KEY_A 16384;0 0;0
5144 KEY_A 16384;0 0;0
5145 KEY_A 16384;0 0;0
5146 KEY_A 16384;0 0;0
5147 KEY_A 16384;0 0;0
5148 KEY_A 16384;0 0;0
5149 KEY_A 16384;0 0;0
5150 KEY_A 16384;0 0;0
5151 KEY_A 16384;0 0;0
5152 KEY_A 16384;0 0;0
5153 KEY_A 16384;0 0;0
5154 KEY_A 16384;0 0;0
5155 KEY_A 16384;0 0;0
5156 KEY_A 16384;0 0;0
5157 KEY_A 16384;0 0;0
5158 KEY_A 16384;0 0;0
5159 KEY_A 16384;0 0;0
5160 KEY_A 16384;0 0;0
5161 KEY_A 16384;0 0;0
5162 KEY_A 16384;0 0;0
5163 KEY_A 16384;0 0;0
5164 KEY_A 16384;0 0;0
5165 KEY_A 16384;0 0;0
5166 KEY_A 16384;0 0;0
5167 KEY_A 16384;0 0;0
5168 KEY_A 16384;0 0;0
5169 KEY_A 16384;0 0;0
5170 KEY_A 16384;0 0;0
5171 KEY_A 16384;0 0;0
5172 KEY_A 16384;0 0;0
5173 KEY_A 16384;0 0;0
5174 KEY_A 16384;0 0;0
5175 KEY_A 16384;0 0;0
5176 KEY_A 16384;0 0;0
5177 KEY_A 16384;0 0;0
5178 KEY_A 16384;0 0;0
5179 KEY_A 16384;0 0;0
5180 KEY_A 16384;0 0;0
5181 KEY_A 16384;0 0;0
5182 KEY_A 16384;0 0;0
5183 KEY_A 16384;0 0;0
5184 KEY_A 16384;0 0;0
5185 KEY_A 16384;0 0;0
5186 KEY_A 16384;0 0;0
5187 KEY_A 16384;0 0;0
5188 KEY_A 16384;0 0;0
5189 KEY_A 16384;0 0;0
5190 KEY_A 16384;0 0;0
5191 KEY_A 16384;0 0;0
5192 KEY_A 16384;0 0;0
5193 KEY_A 16384;0 0;0
5194 KEY_A 16384;0 0;0
5195 KEY_A 16384;0 0;0
5196 KEY_A 16384;0 0;0
5197 KEY_A 16384;0 0;0
5198 KEY_A 16384;0 0;0
5199 KEY_A 16384;0 0;0
5200 KEY_A 0;0 0;0
5201 KEY_A 0;0 0;0
5202 KEY_A 0;0 0;0
5203 KEY_A 0;0 0;0
5204 KEY_A 0;0 0;0
5205 KEY_A 0;0 0;0
5206 KEY_A 0;0 0;0
5207 KEY_A 0;0 0;0
5208 KEY_A 0;0 0;0
5209 KEY_A 0;0 0;0
5210 KEY_A 0;0 0;0
5211 KEY_A 0;0 0;0
5212 KEY_A 0;0 0;0
5213 KEY_A 0;0 0;0
5214 KEY_A 0;0 0;0
5215 KEY_A 0;0 0;0
5216 KEY_A 0;0 0;0
5217 KEY_A 0;0 0;0
5218 KEY_A 0;0 0;0
5219 KEY_A 0;0 0;0
5220 KEY_A 0;0 0;0
5221 KEY_A 0;0 0;0
5222 KEY_A 0;0 0;0
5223 KEY_A 0;0 0;0
5224 KEY_A 0;0 0;0
5225 KEY_A 0;0 0;0
5226 KEY_A 0;0 0;0
5227 KEY_A 0;0 0;0
5228 KEY_A 0;0 0;0
5229 KEY_A 0;0 0;0
5230 KEY_A 0;0 0;0
5231 KEY_A 0;0 0;0
5232 KEY_A 0;0 0;0
5233 KEY_A 0;0 0;0
5234 KEY_A 0;0 0;0
5235 KEY_A 0;0 0;0
5236 KEY_A 0;0 0;0
5237 KEY_A 0;0 0;0
5238 KEY_A 0;0 0;0
5239 KEY_A 0;0 0;0
5240 KEY_A 0;0 0;0
5241 KEY_A 0;0 0;0
5242 KEY_A 0;0 0;0
5243 KEY_A 0;0 0;0
5244 KEY_A 0;0 0;0
5245 KEY_A 0;0 0;0
5246 KEY_A 0;0 0;0
5247 KEY_A 0;0 0;0
5248 KEY_A 0;0 0;0
5249 KEY_A 0;0 0;0
5250 KEY_A 0;0 0;0
5251 KEY_A 0;0 0;0
5252 KEY_A 0;0 0;0
5253 KEY_A 0;0 0;0
5254 KEY_A 0;0 0;0
5255 KEY_A 0;0 0;0
5256 KEY_A 0;0 0;0
5257 KEY_A 0;0 0;0
5258 KEY_A 0;0 0;0
5259 KEY_A 0;0 0;0
5260 KEY_A 0;0 0;0
5261 KEY_A 0;0 0;0
5262 KEY_A 0;0 0;0
5263 KEY_A 0;0 0;0
5264 KEY_A 0;0 0;0
5265 KEY_A 0;0 0;0
5266 KEY_A 0;0 0;0
5267 KEY_A 0;0 0;0
5268 KEY_A 0;0 0;0
5269 KEY_A 0;0 0;0
5270 KEY_A 0;0 0;0
5271 KEY_A 0;0 0;0
5272 KEY_A 0;0 0;0
5273 KEY_A 0;0 0;0
5274 KEY_A 0;0 0;0
5275 KEY_A 0;0 0;0
5276 KEY_A 0;0 0;0
5277 KEY_A 0;0 0;0
5278 KEY_A 0;0 0;0
5279 KEY_A 0;0 0;0
5280 KEY_A 0;0 0;0
5281 KEY_A 0;0 0;0
5282 KEY_A 0;0 0;0
5283 KEY_A 0;0 0;0
5284 KEY_A 0;0 0;0
5285 KEY_A 0;0 0;0
5286 KEY_A 0;0 0;0
5287 KEY_A 0;0 0;0
5288 KEY_A 0;0 0;0
5289 KEY_A 0;0 0;0
5290 KEY_A 0;0 0;0
5291 KEY_A 0;0 0;0
5292 KEY_A 0;0 0;0
5293 KEY_A 0;0 0;0
5294 KEY_A 0;0 0;0
5295 KEY_A 0;0 0;0
5296 KEY_A 0;0 0;0
5297 KEY_A 0;0 0;0
5298 KEY_A 0;0 0;0
5299 KEY_A 0;0 0;0
5300 KEY_A 0;0 0;0
5301 KEY_A 0;0 0;0
5302 KEY_A 0;0 0;0
5303 KEY_A 0;0 0;0
5304 KEY_A 0;0 0;0
5305 KEY_A 0;0 0;0
5306 KEY_A 0;0 0;0
5307 KEY_A 0;0 0;0
5308 KEY_A 0;0 0;0
5309 KEY_A 0;0 0;0
5310 KEY_A 0;0 0;0
5311 KEY_A 0;0 0;0
5312 KEY_A 0;0 0;0
5313 KEY_A 0;0 0;0
5314 KEY_A 0;0 0;0
5315 KEY_A 0;0 0;0
5316 KEY_A 0;0 0;0
5317 KEY_A 0;0 0;0
5318 KEY_A 0;0 0;0
5319 KEY_A 0;0 0;0
5320 KEY_A 0;0 0;0
5321 KEY_A 0;0 0;0
5322 KEY_A 0;0 0;0
5323 KEY_A 0;0 0;0
5324 KEY_A 0;0 0;0
5325 KEY_A 0;0 0;0
5326 KEY_A 0;0 0;0
5327 KEY_A 0;0 0;0
5328 KEY_A 0;0 0;0
5329 KEY_A 0;0 0;0
5330 KEY_A 0;0 0;0
5331 KEY_A 0;0 0;0
5332 KEY_A 0;0 0;0
5333 KEY_A 0;0 0;0
5334 KEY_A 0;0 0;0
5335 KEY_A 0;0 0;0
5336 KEY_A 0;0 0;0
5337 KEY_A 0;0 0;0
5338 KEY_A 0;0 0;0
5339 KEY_A 0;0 0;0
5340 KEY_A 0;0 0;0
5341 KEY_A 0;0 0;0
5342 KEY_A 0;0 0;0
5343 KEY_A 0;0 0;0
5344 KEY_A 0;0 0;0
5345 KEY_A 0;0 0;0
5346 KEY_A 0;0 0;0
5347 KEY_A 0;0 0;0
5348 KEY_A 0;0 0;0
5349 KEY_A 0;0 0;0
5350 KEY_A 0;0 0;0
5351 KEY_A 0;0 0;0
5352 KEY_A 0;0 0;0
5353 KEY_A 0;0 0;0
5354 KEY_A 0;0 0;0
5355 KEY_A 0;0 0;0
5356 KEY_A 0;0 0;0
5357 KEY_A 0;0 0;0
5358 KEY_A 0;0 0;0
5359 KEY_A 0;0 0;0
5360 KEY_A 0;0 0;0
5361 KEY_A 0;0 0;0
5362 KEY_A 0;0 0;0
5363 KEY_A 0;0 0;0
5364 KEY_A 0;0 0;0
5365 KEY_A 0;0 0;0
5366 KEY_A 0;0 0;0
5367 KEY_A 0;0 0;0
5368 KEY_A 0;0 0;0
5369 KEY_A 0;0 0;0
5370 KEY_A 0;0 0;0
5371 KEY_A 0;0 0;0
5372 KEY_A 0;0 0;0
5373 KEY_A 0;0 0;0
5374 KEY_A 0;0 0;0
5375 KEY_A 0;0 0;0
5376 KEY_A 0;0 0;0
5377 KEY_A 0;0 0;0
5378 KEY_A 0;0 0;0
5379 KEY_A 0;0 0;0
5380 KEY_A 0;0 0;0
5381 KEY_A 0;0 0;0
5382 KEY_A 0;0 0;0
5383 KEY_A 0;0 0;0
5384 KEY_A 0;0 0;0
5385 KEY_A 0;0 0;0
5386 KEY_A 0;0 0;0
5387 KEY_A 0;0 0;0
5388 KEY_A 0;0 0;0
5389 KEY_A 0;0 0;0
5390 KEY_A 0;0 0;0
5391 KEY_A 0;0 0;0
5392 KEY_A 0;0 0;0
5393 KEY_A 0;0 0;0
5394 KEY_A 0;0 0;0
5395 KEY_A 0;0 0;0
5396 KEY_A 0;0 0;0
5397 KEY_A 0;0 0;0
5398 KEY_A 0;0 0;0
5399 KEY_A 0;0 0;0
5400 KEY_A 0;0 0;0
5401 KEY_A 0;0 0;0
5402 KEY_A 0;0 0;0
5403 KEY_A 0;0 0;0
5404 KEY_A 0;0 0;0
5405 KEY_A 0;0 0;0
5406 KEY_A 0;0 0;0
5407 KEY_A 0;0 0;0
5408 KEY_A 0;0 0;0
5409 KEY_A 0;0 0;0
5410 KEY_A 0;0 0;0
5411 KEY_A 0;0 0;0
5412 KEY_A 0;0 0;0
5413 KEY_A 0;0 0;0
5414 KEY_A 0;0 0;0
5415 KEY_A 0;0 0;0
5416 KEY_A 0;0 0;0
5417 KEY_A 0;0 0;0
5418 KEY_A 0;0 0;0
5419 KEY_A 0;0 0;0
5420 KEY_A 0;0 0;0
5421 KEY_A 0;0 0;0
5422 KEY_A 0;0 0;0
5423 KEY_A 0;0 0;0
5424 KEY_A 0;0 0;0
5425 KEY_A 0;0 0;0
5426 KEY_A 0;0 0;0
5427 KEY_A 0;0 0;0
5428 KEY_A 0;0 0;0
5429 KEY_A 0;0 0;0
5430 KEY_A 0;0 0;0
5431 KEY_A 0;0 0;0
5432 KEY_A 0;0 0;0
5433 KEY_A 0;0 0;0
5434 KEY_A 0;0 0;0
5435 KEY_A 0;0 0;0
5436 KEY_A 0;0 0;0
5437 KEY_A 0;0 0;0
5438 KEY_A 0;0 0;0
5439 KEY_A 0;0 0;0
5440 KEY_A 0;0 0;0
5441 KEY_A 0;0 0;0
5442 KEY_A 0;0 0;0
5443 KEY_A 0;0 0;0
5444 KEY_A 0;0 0;0
5445 KEY_A 0;0 0;0
5446 KEY_A 0;0 0;0
5447 KEY_A 0;0 0;0
5448 KEY_A 0;0 0;0
5449 KEY_A 0;0 0;0
5450 KEY_A 0;0 0;0
5451 KEY_A 0;0 0;0
5452 KEY_A 0;0 0;0
5453 KEY_A 0;0 0;0
5454 KEY_A 0;0 0;0
5455 KEY_A 0;0 0;0
5456 KEY_A 0;0 0;0
5457 KEY_A 0;0 0;0
5458 KEY_A 0;0 0;0
5459 KEY_A 0;0 0;0
5460 KEY_A 0;0 0;0
5461 KEY_A 0;0 0;0
5462 KEY_A 0;0 0;0
5463 KEY_A 0;0 0;0
5464 KEY_A 0;0 0;0
5465 KEY_A 0;0 0;0
5466 KEY_A 0;0 0;0
5467 KEY_A 0;0 0;0
5468 KEY_A 0;0 0;0
5469 KEY_A 0;0 0;0
5470 KEY_A 0;0 0;0
5471 KEY_A 0;0 0;0
5472 KEY_A 0;0 0;0
5473 KEY_A 0;0 0;0
5474 KEY_A 0;0 0;0
5475 KEY_A 0;0 0;0
5476 KEY_A 0;0 0;0
5477 KEY_A 0;0 0;0
5478 KEY_A 0;0 0;0
5479 KEY_A 0;0 0;0
5480 KEY_A 0;0 0;0
5481 KEY_A 0;0 0;0
5482 KEY_A 0;0 0;0
5483 KEY_A 0;0 0;0
5484 KEY_A 0;0 0;0
5485 KEY_A 0;0 0;0
5486 KEY_A 0;0 0;0
5487 KEY_A 0;0 0;0
5488 KEY_A 0;0 0;0
5489 KEY_A 0;0 0;0
5490 KEY_A 0;0 0;0
5491 KEY_A 0;0 0;0
5492 KEY_A 0;0 0;0
5493 KEY_A 0;0 0;0
5494 KEY_A 0;0 0;0
5495 KEY_A 0;0 0;0
5496 KEY_A 0;0 0;0
5497 KEY_A 0;0 0;0
5498 KEY_A 0;0 0;0
5499 KEY_A 0;0 0;0
5500 KEY_A 0;0 0;0
5501 KEY_A 0;0 0;0
5502 KEY_A 0;0 0;0
5503 KEY_A 0;0 0;0
5504 KEY_A 0;0 0;0
5505 KEY_A 0;0 0;0
5506 KEY_A 0;0 0;0
5507 KEY_A 0;0 0;0
5508 KEY_A 0;0 0;0
5509 KEY_A 0;0 0;0
5510 KEY_A 0;0 0;0
5511 KEY_A 0;0 0;0
5512 KEY_A 0;0 0;0
5513 KEY_A 0;0 0;0
5514 KEY_A 0;0 0;0
5515 KEY_A 0;0 0;0
5516 KEY_A 0;0 0;0
5517 KEY_A 0;0 0;0
5518 KEY_A 0;0 0;0
5519 KEY_A 0;0 0;0
5520 KEY_A 0;0 0;0
5521 KEY_A 0;0 0;0
5522 KEY_A 0;0 0;0
5523 KEY_A 0;0 0;0
5524 KEY_A 0;0 0;0
5525 KEY_A 0;0 0;0
5526 KEY_A 0;0 0;0
5527 KEY_A 0;0 0;0
5528 KEY_A 0;0 0;0
5529 KEY_A 0;0 0;0
5530 KEY_A 0;0 0;0
5531 KEY_A 0;0 0;0
5532 KEY_A 0;0 0;0
5533 KEY_A 0;0 0;0
5534 KEY_A 0;0 0;0
5535 KEY_A 0;0 0;0
5536 KEY_A 0;0 0;0
5537 KEY_A 0;0 0;0
5538 KEY_A 0;0 0;0
5539 KEY_A 0;0 0;0
5540 KEY_A 0;0 0;0
5541 KEY_A 0;0 0;0
5542 KEY_A 0;0 0;0
5543 KEY_A 0;0 0;0
5544 KEY_A 0;0 0;0
5545 KEY_A 0;0 0;0
5546 KEY_A 0;0 0;0
5547 KEY_A 0;0 0;0
5548 KEY_A 0;0 0;0
5549 KEY_A 0;0 0;0
5550 KEY_A 0;0 0;0
5551 KEY_A 0;0 0;0
5552 KEY_A 0;0 0;0
5553 KEY_A 0;0 0;0
5554 KEY_A 0;0 0;0
5555 KEY_A 0;0 0;0
5556 KEY_A 0;0 0;0
5557 KEY_A 0;0 0;0
5558 KEY_A 0;0 0;0
5559 KEY_A 0;0 0;0
5560 KEY_A 0;0 0;0
5561 KEY_A 0;0 0;0
5562 KEY_A 0;0 0;0
5563 KEY_A 0;0 0;0
5564 KEY_A 0;0 0;0
5565 KEY_A 0;0 0;0
5566 KEY_A 0;0 0;0
5567 KEY_A 0;0 0;0
5568 KEY_A 0;0 0;0
5569 KEY_A 0;0 0;0
5570 KEY_A 0;0 0;0
5571 KEY_A 0;0 0;0
5572 KEY_A 0;0 0;0
5573 KEY_A 0;0 0;0
5574 KEY_A 0;0 0;0
5575 KEY_A 0;0 0;0
5576 KEY_A 0;0 0;0
5577 KEY_A 0;0 0;0
5578 KEY_A 0;0 0;0
5579 KEY_A 0;0 0;0
5580 KEY_A 0;0 0;0
5581 KEY_A 0;0 0;0
5582 KEY_A 0;0 0;0
5583 KEY_A 0;0 0;0
5584 KEY_A 0;0 0;0
5585 KEY_A 0;0 0;0
5586 KEY_A 0;0 0;0
5587 KEY_A 0;0 0;0
5588 KEY_A 0;0 0;0
5589 KEY_A 0;0 0;0
5590 KEY_A 0;0 0;0
5591 KEY_A 0;0 0;0
5592 KEY_A 0;0 0;0
5593 KEY_A 0;0 0;0
5594 KEY_A 0;0 0;0
5595 KEY_A 0;0 0;0
5596 KEY_A 0;0 0;0
5597 KEY_A 0;0 0;0
5598 KEY_A 0;0 0;0
5599 KEY_A 0;0 0;0
5600 KEY_A 0;0 0;0
5601 KEY_A 0;0 0;0
5602 KEY_A 0;0 0;0
5603 KEY_A 0;0 0;0
5604 KEY_A 0;0 0;0
5605 KEY_A 0;0 0;0
5606 KEY_A 0;0 0;0
5607 KEY_A 0;0 0;0
5608 KEY_A 0;0 0;0
5609 KEY_A 0;0 0;0
5610 KEY_A 0;0 0;0
5611 KEY_A 0;0 0;0
5612 KEY_A 0;0 0;0
5613 KEY_A 0;0 0;0
5614 KEY_A 0;0 0;0
5615 KEY_A 0;0 0;0
5616 KEY_A 0;0 0;0
5617 KEY_A 0;0 0;0
5618 KEY_A 0;0 0;0
5619 KEY_A 0;0 0;0
5620 KEY_A 0;0 0;0
5621 KEY_A 0;0 0;0
5622 KEY_A 0;0 0;0
5623 KEY_A 0;0 0;0
5624 KEY_A 0;0 0;0
5625 KEY_A 0;0 0;0
5626 KEY_A 0;0 0;0
5627 KEY_A 0;0 0;0
5628 KEY_A 0;0 0;0
5629 KEY_A 0;0 0;0
5630 KEY_A 0;0 0;0
5631 KEY_A 0;0 0;0
5632 KEY_A 0;0 0;0
5633 KEY_A 0;0 0;0
5634 KEY_A 0;0 0;0
5635 KEY_A 0;0 0;0
5636 KEY_A 0;0 0;0
5637 KEY_A 0;0 0;0
5638 KEY_A 0;0 0;0
5639 KEY_A 0;0 0;0
5640 KEY_A 0;0 0;0
5641 KEY_A 0;0 0;0
5642 KEY_A 0;0 0;0
5643 KEY_A 0;0 0;0
5644 KEY_A 0;0 0;0
5645 KEY_A 0;0 0;0
5646 KEY_A 0;0 0;0
5647 KEY_A 0;0 0;0
5648 KEY_A 0;0 0;0
5649 KEY_A 0;0 0;0
5650 KEY_A 0;0 0;0
5651 KEY_A 0;0 0;0
5652 KEY_A 0;0 0;0
5653 KEY_A 0;0 0;0
5654 KEY_A 0;0 0;0
5655 KEY_A 0;0 0;0
5656 KEY_A 0;0 0;0
5657 KEY_A 0;0 0;0
5658 KEY_A 0;0 0;0
5659 KEY_A 0;0 0;0
5660 KEY_A 0;0 0;0
5661 KEY_A 0;0 0;0
5662 KEY_A 0;0 0;0
5663 KEY_A 0;0 0;0
5664 KEY_A 0;0 0;0
5665 KEY_A 0;0 0;0
5666 KEY_A 0;0 0;0
5667 KEY_A 0;0 0;0
5668 KEY_A 0;0 0;0
5669 KEY_A 0;0 0;0
5670 KEY_A 0;0 0;0
5671 KEY_A 0;0 0;0
5672 KEY_A 0;0 0;0
5673 KEY_A 0;0 0;0
5674 KEY_A 0;0 0;0
5675 KEY_A 0;0 0;0
5676 KEY_A 0;0 0;0
5677 KEY_A 0;0 0;0
5678 KEY_A 0;0 0;0
5679 KEY_A 0;0 0;0
5680 KEY_A 0;0 0;0
5681 KEY_A 0;0 0;0
5682 KEY_A 0;0 0;0
5683 KEY_A 0;0 0;0
5684 KEY_A 0;0 0;0
5685 KEY_A 0;0 0;0
5686 KEY_A 0;0 0;0
5687 KEY_A 0;0 0;0
5688 KEY_A 0;0 0;0
5689 KEY_A 0;0 0;0
5690 KEY_A 0;0 0;0
5691 KEY_A 0;0 0;0
5692 KEY_A 0;0 0;0
5693 KEY_A 0;0 0;0
5694 KEY_A 0;0 0;0
5695 KEY_A 0;0 0;0
5696 KEY_A 0;0 0;0
5697 KEY_A 0;0 0;0
5698 KEY_A 0;0 0;0
5699 KEY_A 0;0 0;0
5700 KEY_A 0;0 0;0
5701 KEY_A 0;0 0;0
5702 KEY_A 0;0 0;0
5703 KEY_A 0;0 0;0
5704 KEY_A 0;0 0;0
5705 KEY_A 0;0 0;0
5706 KEY_A 0;0 0;0
5707 KEY_A 0;0 0;0
5708 KEY_A 0;0 0;0
5709 KEY_A 0;0 0;0
5710 KEY_A 0;0 0;0
5711 KEY_A 0;0 0;0
5712 KEY_A 0;0 0;0
5713 KEY_A 0;0 0;0
5714 KEY_A 0;0 0;0
5715 KEY_A 0;0 0;0
5716 KEY_A 0;0 0;0
5717 KEY_A 0;0 0;0
5718 KEY_A 0;0 0;0
5719 KEY_A 0;0 0;0
5720 KEY_A 0;0 0;0
5721 KEY_A 0;0 0;0
5722 KEY_A 0;0 0;0
5723 KEY_A 0;0 0;0
5724 KEY_A 0;0 0;0
5725 KEY_A 0;0 0;0
5726 KEY_A 0;0 0;0
5727 KEY_A 0;0 0;0
5728 KEY_A 0;0 0;0
5729 KEY_A 0;0 0;0
5730 KEY_A 0;0 0;0
5731 KEY_A 0;0 0;0
5732 KEY_A 0;0 0;0
5733 KEY_A 0;0 0;0
5734 KEY_A 0;0 0;0
5735 KEY_A 0;0 0;0
5736 KEY_A 0;0 0;0
5737 KEY_A 0;0 0;0
5738 KEY_A 0;0 0;0
5739 KEY_A 0;0 0;0
5740 KEY_A 0;0 0;0
5741 KEY_A 0;0 0;0
5742 KEY_A 0;0 0;0
5743 KEY_A 0;0 0;0
5744 KEY_A 0;0 0;0
5745 KEY_A 0;0 0;0
5746 KEY_A 0;0 0;0
5747 KEY_A 0;0 0;0
5748 KEY_A 0;0 0;0
5749 KEY_A 0;0 0;0
5750 KEY_A 0;0 0;0
5751 KEY_A 0;0 0;0
5752 KEY_A 0;0 0;0
5753 KEY_A 0;0 0;0
5754 KEY_A 0;0 0;0
5755 KEY_A 0;0 0;0
5756 KEY_A 0;0 0;0
5757 KEY_A 0;0 0;0
5758 KEY_A 0;0 0;0
5759 KEY_A 0;0 0;0
5760 KEY_A 0;0 0;0
5761 KEY_A 0;0 0;0
5762 KEY_A 0;0 0;0
5763 KEY_A 0;0 0;0
5764 KEY_A 0;0 0;0
5765 KEY_A 0;0 0;0
5766 KEY_A 0;0 0;0
5767 KEY_A 0;0 0;0
5768 KEY_A 0;0 0;0
5769 KEY_A 0;0 0;0
5770 KEY_A 0;0 0;0
5771 KEY_A 0;0 0;0
5772 KEY_A 0;0 0;0
5773 KEY_A 0;0 0;0
5774 KEY_A 0;0 0;0
5775 KEY_A 0;0 0;0
5776 KEY_A 0;0 0;0
5777 KEY_A 0;0 0;0
5778 KEY_A 0;0 0;0
5779 KEY_A 0;0 0;0
5780 KEY_A 0;0 0;0
5781 KEY_A 0;0 0;0
5782 KEY_A 0;0 0;0
5783 KEY_A 0;0 0;0
5784 KEY_A 0;0 0;0
5785 KEY_A 0;0 0;0
5786 KEY_A 0;0 0;0
5787 KEY_A 0;0 0;0
5788 KEY_A 0;0 0;0
5789 KEY_A 0;0 0;0
5790 KEY_A 0;0 0;0
5791 KEY_A 0;0 0;0
5792 KEY_A 0;0 0;0
5793 KEY_A 0;0 0;0
5794 KEY_A 0;0 0;0
5795 KEY_A 0;0 0;0
5796 KEY_A 0;0 0;0
5797 KEY_A 0;0 0;0
5798 KEY_A 0;0 0;0
5799 KEY_A 0;0 0;0
5800 KEY_A 0;0 0;0
5801 KEY_A 0;0 0;0
5802 KEY_A 0;0 0;0
5803 KEY_A 0;0 0;0
5804 KEY_A 0;0 0;0
5805 KEY_A 0;0 0;0
5806 KEY_A 0;0 0;0
5807 KEY_A 0;0 0;0
5808 KEY_A 0;0 0;0
5809 KEY_A 0;0 0;0
5810 KEY_A 0;0 0;0
5811 KEY_A 0;0 0;0
5812 KEY_A 0;0 0;0
5813 KEY_A 0;0 0;0
5814 KEY_A 0;0 0;0
5815 KEY_A 0;0 0;0
5816 KEY_A 0;0 0;0
5817 KEY_A 0;0 0;0
5818 KEY_A 0;0 0;0
5819 KEY_A 0;0 0;0
5820 KEY_A 0;0 0;0
5821 KEY_A 0;0 0;0
5822 KEY_A 0;0 0;0
5823 KEY_A 0;0 0;0
5824 KEY_A 0;0 0;0
5825 KEY_A 0;0 0;0
5826 KEY_A 0;0 0;0
5827 KEY_A 0;0 0;0
5828 KEY_A 0;0 0;0
5829 KEY_A 0;0 0;0
5830 KEY_A 0;0 0;0
5831 KEY_A 0;0 0;0
5832 KEY_A 0;0 0;0
5833 KEY_A 0;0 0;0
5834 KEY_A 0;0 0;0
5835 KEY_A 0;0 0;0
5836 KEY_A 0;0 0;0
5837 KEY_A 0;0 0;0
5838 KEY_A 0;0 0;0
5839 KEY_A 0;0 0;0
5840 KEY_A 0;0 0;0
5841 KEY_A 0;0 0;0
5842 KEY_A 0;0 0;0
5843 KEY_A 0;0 0;0
5844 KEY_A 0;0 0;0
5845 KEY_A 0;0 0;0
5846 KEY_A 0;0 0;0
5847 KEY_A 0;0 0;0
5848 KEY_A 0;0 0;0
5849 KEY_A 0;0 0;0
5850 KEY_A 0;0 0;0
5851 KEY_A 0;0 0;0
5852 KEY_A 0;0 0;0
5853 KEY_A 0;0 0;0
5854 KEY_A 0;0 0;0
5855 KEY_A 0;0 0;0
5856 KEY_A 0;0 0;0
5857 KEY_A 0;0 0;0
5858 KEY_A 0;0 0;0
5859 KEY_A 0;0 0;0
5860 KEY_A 0;0 0;0
5861 KEY_A 0;0 0;0
5862 KEY_A 0;0 0;0
5863 KEY_A 0;0 0;0
5864 KEY_A 0;0 0;0
5865 KEY_A 0;0 0;0
5866 KEY_A 0;0 0;0
5867 KEY_A 0;0 0;0
5868 KEY_A 0;0 0;0
5869 KEY_A 0;0 0;0
5870 KEY_A 0;0 0;0
5871 KEY_A 0;0 0;0
5872 KEY_A 0;0 0;0
5873 KEY_A 0;0 0;0
5874 KEY_A 0;0 0;0
5875 KEY_A 0;0 0;0
5876 KEY_A 0;0 0;0
5877 KEY_A 0;0 0;0
5878 KEY_A 0;0 0;0
5879 KEY_A 0;0 0;0
5880 KEY_A 0;0 0;0
5881 KEY_A 0;0 0;0
5882 KEY_A 0;0 0;0
5883 KEY_A 0;0 0;0
5884 KEY_A 0;0 0;0
5885 KEY_A 0;0 0;0
5886 KEY_A 0;0 0;0
5887 KEY_A 0;0 0;0
5888 KEY_A 0;0 0;0
5889 KEY_A 0;0 0;0
5890 KEY_A 0;0 0;0
5891 KEY_A 0;0 0;0
5892 KEY_A 0;0 0;0
5893 KEY_A 0;0 0;0
5894 KEY_A 0;0 0;0
5895 KEY_A 0;0 0;0
5896 KEY_A 0;0 0;0
5897 KEY_A 0;0 0;0
5898 KEY_A 0;0 0;0
5899 KEY_A 0;0 0;0
5900 KEY_A 0;0 0;0
5901 KEY_A 0;0 0;0
5902 KEY_A 0;0 0;0
5903 KEY_A 0;0 0;0
5904 KEY_A 0;0 0;0
5905 KEY_A 0;0 0;0
5906 KEY_A 0;0 0;0
5907 KEY_A 0;0 0;0
5908 KEY_A 0;0 0;0
5909 KEY_A 0;0 0;0
5910 KEY_A 0;0 0;0
5911 KEY_A 0;0 0;0
5912 KEY_A 0;0 0;0
5913 KEY_A 0;0 0;0
5914 KEY_A 0;0 0;0
5915 KEY_A 0;0 0;0
5916 KEY_A 0;0 0;0
5917 KEY_A 0;0 0;0
5918 KEY_A 0;0 0;0
5919 KEY_A 0;0 0;0
5920 KEY_A 0;0 0;0
5921 KEY_A 0;0 0;0
5922 KEY_A 0;0 0;0
5923 KEY_A 0;0 0;0
5924 KEY_A 0;0 0;0
5925 KEY_A 0;0 0;0
5926 KEY_A 0;0 0;0
5927 KEY_A 0;0 0;0
5928 KEY_A 0;0 0;0
5929 KEY_A 0;0 0;0
5930 KEY_A 0;0 0;0
5931 KEY_A 0;0 0;0
5932 KEY_A 0;0 0;0
5933 KEY_A 0;0 0;0
5934 KEY_A 0;0 0;0
5935 KEY_A 0;0 0;0
5936 KEY_A 0;0 0;0
5937 KEY_A 0;0 0;0
5938 KEY_A 0;0 0;0
5939 KEY_A 0;0 0;0
5940 KEY_A 0;0 0;0
5941 KEY_A 0;0 0;0
5942 KEY_A 0;0 0;0
5943 KEY_A 0;0 0;0
5944 KEY_A 0;0 0;0
5945 KEY_A 0;0 0;0
5946 KEY_A 0;0 0;0
5947 KEY_A 0;0 0;0
5948 KEY_A 0;0 0;0
5949 KEY_A 0;0 0;0
5950 KEY_A 0;0 0;0
5951 KEY_A 0;0 0;0
5952 KEY_A 0;0 0;0
5953 KEY_A 0;0 0;0
5954 KEY_A 0;0 0;0
5955 KEY_A 0;0 0;0
5956 KEY_A 0;0 0;0
5957 KEY_A 0;0 0;0
5958 KEY_A 0;0 0;0
5959 KEY_A 0;0 0;0
5960 KEY_A 0;0 0;0
5961 KEY_A 0;0 0;0
5962 KEY_A 0;0 0;0
5963 KEY_A 0;0 0;0
5964 KEY_A 0;0 0;0
5965 KEY_A 0;0 0;0
5966 KEY_A 0;0 0;0
5967 KEY_A 0;0 0;0
5968 KEY_A 0;0 0;0
5969 KEY_A 0;0 0;0
5970 KEY_A 0;0 0;0
5971 KEY_A 0;0 0;0
5972 KEY_A 0;0 0;0
5973 KEY_A 0;0 0;0
5974 KEY_A 0;0 0;0
5975 KEY_A 0;0 0;0
5976 KEY_A 0;0 0;0
5977 KEY_A 0;0 0;0
5978 KEY_A 0;0 0;0
5979 KEY_A 0;0 0;0
5980 KEY_A 0;0 0;0
5981 KEY_A 0;0 0;0
5982 KEY_A 0;0 0;0
5983 KEY_A 0;0 0;0
5984 KEY_A 0;0 0;0
5985 KEY_A 0;0 0;0
5986 KEY_A 0;0 0;0
5987 KEY_A 0;0 0;0
5988 KEY_A 0;0 0;0
5989 KEY_A 0;0 0;0
5990 KEY_A 0;0 0;0
5991 KEY_A 0;0 0;0
5992 KEY_A 0;0 0;0
5993 KEY_A 0;0 0;0
5994 KEY_A 0;0 0;0
5995 KEY_A 0;0 0;0
5996 KEY_A 0;0 0;0
5997 KEY_A 0;0 0;0
5998 KEY_A 0;0 0;0
5999 KEY_A 0;0 0;0
6000 NONE 0;0 0;0
